111111111111111111111111111111111111111111111111111111111111111111111111111111111111111111111111111111111111111111111111
111111111111111111111111111111111111111111111111111111111111111111111111111111111111111111111111111111111111111111111111
111111111111111111111111111111111111111111111111111111111111111111111111111111111111111111111111111111111111111111111111
111111111111111111111111111111111111111111111111111111111111111111111111111111111111111111111111111111111111111111111111
111111111111111111111111111111111111111111111111111111111111111111111111111111111111111111111111111111111111111111111111
111111111111111111111111111111111111111111111111111111111111111111111111111111111111111111111111111111111111111111111111
111111111111111111111111111111111222222222222222222222222222222222222222222222222222222222222222222211111111111111111111
1111111111111111111111111111111112   T    T   2                                                    211111111111111111111
1111111111111111111111111111111112            2                                             T      211111111111111111111
1111111111111111111111111111111112   T    T                      222222222222222        T          211111111111111111111
11111111111111111111111111111111122222222222222   222222222222   2                          T      211111111111111111111
1111111111111111111111111111111112            2   2   h a    2   2                                 211111111111111111111
1111111111111111111111111111111112            2   2  T   T   2h a2             22222222222222222222211111111111111111111
1111111111111111111111111111111112                2          22222   22222222222                   211111111111111111111
ggggggggggggggggggggggggggggggggg2     22         2                            2           T       2gggggggggggggggggggg
777777777777777777777777777777777      2          2                                                d77777777777777777777
777777777777777777777G77777s77777      2  T       2          2        2            T               d77777777777777777777
777777777777777777777777777777777      2  T                  2        2                            2gggggggggggggggggggg
ggggggggggggggggggggggggggggggggg2     2                     2        2        2           T       211111111111111111111
111111111111111111111111111111111222222222222222222222   22222        2        2                   211111111111111111111
1111111111111111111111111111111112 T  T 2            2       222222222222222   22222222222222222222211111111111111111111
1111111111111111111111111111111112      2  h   h             2                             2       211111111111111111111
1111111111111111111111111111111112      2  a   a             2                             2       211111111111111111111
1111111111111111111111111111111112      2            2       2    22222222222222222222222222       211111111111111111111
1111111111111111111111111111111112      22222222222222       2                                     211111111111111111111
1111111111111111111111111111111112                           2                       T T   2       211111111111111111111
1111111111111111111111111111111112                                                   T T   2       211111111111111111111
1111111111111111111111111111111112                                                         2       211111111111111111111
111111111111111111111111111111111222222222222222222222222222222222222222222222222222222222222222222211111111111111111111
111111111111111111111111111111111111111111111111111111111111111111111111111111111111111111111111111111111111111111111111
111111111111111111111111111111111111111111111111111111111111111111111111111111111111111111111111111111111111111111111111
111111111111111111111111111111111111111111111111111111111111111111111111111111111111111111111111111111111111111111111111