1111111111111111111111111111111111111111111111111111111111111111111111111111111111111111111111111111111111111111111111111111111111111111111111111111111111111111111
1111111111111111111111111111111111111111111111111111111111111111111111111111111111111111111111111111111111111111111111111111111111111111111111111111111111111111111   
1111111111222222222222222222222222222222222222222222222222222222222222222222222222222222222222222222222222222222222222222222222222222222222222222222222222222222222
11111111112					   2														  22	
11111111112					   2														  22
11111111112       					   2														  22
11111111112					   2														  22
11111111112					   2														  22
11111111112					   2					BOSS FIGHT HERE								  22
11111111112	22222222222222222222222222222222222														  22
11111111112	22222222222222222		   2														  22
11111111112	22222222222222222		   2														  22
11111111112	22222222222222222		   2														  22
11111111112	22222222222222222		   2														  22
11111111112	222222222222222222222222	   2														  22
11111111112	222222222222222222222222	   2														  22
11111111112		           2222222222	   2														  22
11111111112		           22222222		   2														  22
11111111112					   2														  22
11111111112					   2														  22
11111111112					   2														  22
11111111112	22222222222222222222222222222222222														  22
11111111112	22222222222222222		   2														  22
11111111112	22222222222222222		   2														  22
11111111112	22222222222222222		   2														  22
11111111112	22222222222222222		   2														  22
11111111112	222222222222222222222222	   2														  22
11111111112	222222222222222222222222	   222222222222222222222222222222222222222222222222222222222222             2222222222222222222222222222222222222222222222
11111111112		           2222222222	   222222222222222222222222222222222222222222222222222222222222 							  22
11111111112		           22222222		   222222222222222222222222222222222222222222222222222222222222							  22
11111111112					   222222222222222222222222222222222222222222222222222222222222							  22
11111111112					   222222222222222222222222222222222222222222222222222222222222							  22
11111111112					   222222222222222222222222222222222222222222222222222222222222							  22
11111111112					   222222222222222222222222222222222222222222222222222222222222							  22
11111111112					   222222222222222222222222222222222222222222222222222222222222							  22
11111111112		222222222		   2							        2							  22
11111111112		222222222		   							        2							  22
11111111112		222222222		   							        2							  22
11111111112		222222222		   				2			        2							  22					   
11111111112		222222222		   				2			        2							  22
11111111112		222222222		   2				2										  22
11111111112		222222222222222222222222222				2										  22
11111111112					   2				2										  22
11111111112					   2				2										  22
11111111112					   2				2			        2							  22
11111111112					   2				2			        2							  22
11111111112					   2				2			        2							  22
11111111112					   2				2			        2							  22
11111111112					   2				2			        2							  22
11111111112					   2				2			        2							  22
11111111112					   2				2			        2							  22
11111111112					   2	  22222222222222		22222222222222222222222222222222222222222222222222222222222222222222222222222222222
11111111112			22222222222222222222222222													  22
11111111112			2			  2													  22
11111111112			2			  2													  22
gggggggggg2			2			  2							health		ammo				  22
7777777777                  222222	2			  2													  22
7777G777s7	       222222	2			  2													  22
7777777777                  222222	2			  2													  22
gggggggggg222222222222222222222222222222222222222222222222222222222222222222222222222222222222222222222222222222222222222222222222222222222222222222222222222222222



