222222222222222222222222222222222222222222222222222222222222
2                                              22          2
2     a                                        22   a  a   2
2     h              22       T        T       22          2
2                    22                        22   h  h   2
222222222222222      22                        22          2
222222222222222      22       T         T      22          2
2                    22                                    2
2                    22                                    2
2         2222222222222222222222222222222222222            2
2         2222222222222222222222222222222222222            2
2         2222222                                          2
2         2222222                                          2
2    S    2222222                                          2
2         2222222                                          2
2222dd222222222222222dd2222222222222222222222222222222222222