222222222222222222222222222222222222222222222222222222222222
2   h  h    a                                              2
2                                                          2
2  22222222222222  22  22222222222222222222                2
2  2nnnnnnnnnnnn2  22  2         2        2                2
2  2nnnnnnnnnnnn2  22  2         2        2                2
2  2nnnnnnnnnnnn2  22  2         2        2                2
2  22222222222222  22  22222222  22222  222       T        2
2                  22  2    2                    T T       2
2                  22  2    2                     T        2
2        S         22  2    2    2                         2
2                  22  2         2                         2
2                  22  22222222222                         2
2                  22                                      2
2                  22                                      2
222222222222222222222222222222222222222222222222222222222222